NBLlidar4m_225_1_4m_ang.asc
ncols	201
nrows	201
xllcorner	355300.000000
yllcorner	683700.000000
cellsize	4.000000
NODATA_value	-9999.000000
[rows 42 to 83 of 201, columns 94 to 187 of 201]
237 237 236 235 234 233 233 232 232 232 232 231 230 229 227 226 224 222 221 222 223 223 221 217 215 215 215 215 215 216 216 216 216 216 215 215 215 215 216 216 216 216 217 217 217 217 218 218 218 218 218 219 219 219 218 218 218 218 218 218 219 219 219 219 218 218 218 217 217 217 216 216 216 216 216 216 216 216 216 216 216 216 215 215 215 215 215 215 215 215 215 215 215 215
237 236 235 234 233 232 232 231 231 231 231 230 229 227 226 224 223 221 220 221 221 221 220 217 214 214 213 213 214 214 214 214 214 214 214 214 214 214 215 215 215 215 215 216 216 216 216 217 217 217 217 217 217 217 217 217 217 217 217 217 217 217 217 217 217 216 216 215 215 215 215 215 215 215 215 215 215 214 215 215 215 215 215 214 214 214 214 214 214 214 214 214 214 214
237 236 235 234 233 232 231 230 230 230 229 229 227 226 224 223 222 221 220 220 220 220 219 217 214 213 212 212 213 213 213 213 213 213 213 213 213 213 214 214 214 214 214 215 215 215 215 215 215 216 216 216 216 216 216 216 216 216 216 216 215 215 215 215 215 214 214 214 214 213 213 213 213 213 214 214 214 214 214 214 214 214 214 214 214 214 214 214 214 214 214 214 214 214
237 236 235 234 232 231 230 229 229 229 228 228 227 225 223 222 221 220 219 219 219 219 218 216 214 213 212 212 212 212 212 212 212 212 212 212 212 213 213 213 213 213 213 213 213 214 214 214 214 214 214 215 215 215 214 214 214 214 214 214 214 214 213 213 213 213 212 212 212 212 212 212 212 212 213 213 213 213 213 214 214 214 214 214 214 213 213 213 213 213 213 213 214 214
236 235 234 233 232 231 230 229 228 228 227 227 225 224 222 221 220 219 218 218 217 217 216 215 213 212 211 211 211 211 211 212 212 212 212 212 212 212 212 212 212 212 212 212 212 212 212 212 213 213 213 213 213 213 213 213 213 213 213 213 212 212 212 212 211 211 211 211 211 211 211 211 211 212 212 212 212 213 213 213 213 213 213 213 213 213 213 213 213 213 214 214 214 214
236 235 234 233 231 230 229 228 228 227 226 225 224 223 221 220 219 218 217 216 216 215 214 213 212 211 211 210 210 210 211 211 211 211 211 211 211 211 211 211 211 211 211 211 211 211 211 211 211 211 212 212 212 212 212 212 212 212 211 211 211 211 210 210 210 210 210 210 210 210 210 210 211 211 211 212 212 212 212 212 212 213 213 213 213 213 213 213 214 214 214 214 215 215
236 235 234 232 231 229 228 227 227 226 225 224 223 222 220 219 218 217 216 215 214 214 213 212 211 210 210 210 210 210 210 210 210 211 211 210 210 210 210 210 209 209 209 209 209 209 209 209 210 210 211 211 211 211 211 211 210 210 210 210 209 209 209 209 209 209 209 209 209 209 210 210 210 211 211 211 212 212 212 212 212 213 213 213 213 213 214 214 214 214 215 215 215 216
237 235 234 232 230 229 228 226 226 225 224 223 222 220 219 218 217 216 214 214 213 212 212 211 210 209 209 209 209 209 209 209 209 210 210 210 210 209 209 209 208 208 208 208 208 208 208 208 209 209 209 210 210 210 209 209 209 209 209 208 208 208 208 208 208 208 208 209 209 209 210 210 211 211 211 212 212 212 212 213 213 213 214 214 214 214 214 215 215 215 216 216 216 216
235 235 233 231 230 228 227 226 225 224 223 222 221 220 218 217 216 215 213 212 212 211 210 209 209 208 208 208 208 208 208 208 208 209 209 209 209 208 208 207 207 206 206 206 206 207 207 207 207 208 208 209 209 209 208 208 208 208 208 207 207 208 208 208 208 208 209 209 210 210 211 211 211 212 212 212 213 213 213 214 214 214 214 215 215 215 215 216 216 216 216 217 217 217
234 233 232 230 229 227 226 225 224 223 222 221 220 219 217 216 215 214 212 211 210 209 209 208 207 207 207 206 206 206 206 207 207 207 207 208 207 207 207 206 205 205 205 205 205 205 206 206 206 207 207 208 208 208 208 207 207 207 207 207 208 208 208 209 209 209 210 210 211 211 212 212 212 213 213 213 214 214 214 214 215 215 215 215 216 216 216 216 217 217 217 217 218 218
232 231 230 229 227 226 225 224 223 222 221 220 219 217 216 215 214 212 211 209 208 208 207 206 206 206 205 205 205 205 205 205 205 206 206 206 206 206 205 204 204 203 203 203 204 204 205 205 206 206 207 207 207 207 207 207 207 207 208 208 209 209 210 210 210 211 211 211 212 212 213 213 213 214 214 214 214 215 215 215 216 216 216 216 216 217 217 217 218 218 218 218 219 219
230 229 228 227 226 225 224 222 221 220 220 219 217 216 215 213 212 210 209 207 206 206 205 205 205 204 204 204 204 204 204 204 204 204 204 205 205 204 203 203 202 202 202 202 203 203 204 205 205 206 206 207 207 207 207 208 208 208 209 210 210 211 211 212 212 212 212 213 213 213 214 214 214 215 215 215 215 216 216 216 216 217 217 217 217 218 218 218 218 219 219 219 219 220
228 228 226 225 224 223 222 221 220 218 218 217 215 214 213 211 209 208 206 205 204 204 204 203 203 203 203 203 202 202 202 202 202 202 203 203 203 203 202 202 201 201 201 201 202 203 204 204 205 206 206 207 208 208 208 209 209 210 210 211 212 212 213 213 213 213 214 214 214 214 215 215 215 215 216 216 216 216 217 217 217 218 218 218 218 219 219 219 219 220 220 220 220 220
226 226 225 223 222 221 220 218 217 216 215 214 213 211 210 208 206 205 204 203 202 202 202 202 202 202 202 202 201 201 201 201 201 201 201 202 202 202 201 201 201 201 201 201 202 202 203 204 205 206 207 207 208 209 209 210 211 211 212 213 213 213 214 214 214 214 214 215 215 215 215 216 216 216 217 217 217 217 218 218 218 219 219 219 219 219 220 220 220 220 221 221 221 221
224 223 223 221 220 219 217 216 214 213 212 211 210 208 207 205 203 202 202 201 201 201 201 201 201 201 201 201 201 201 200 200 200 200 200 201 201 202 201 201 201 202 202 202 202 203 204 205 205 206 207 208 209 210 211 211 212 213 213 214 214 214 215 215 215 215 215 215 216 216 216 217 217 217 217 218 218 218 218 219 219 219 220 220 220 220 220 221 221 221 221 221 222 222
222 222 220 219 218 217 215 214 212 210 209 208 207 206 204 202 201 200 200 200 200 200 200 200 201 201 201 200 200 200 200 200 200 200 200 201 201 202 202 202 202 202 203 203 203 204 204 205 206 207 208 209 210 211 212 213 213 214 214 215 215 215 215 216 216 216 216 216 217 217 217 217 218 218 218 218 219 219 219 220 220 220 220 221 221 221 221 221 222 222 222 222 222 222
221 220 219 217 216 215 214 212 210 208 207 207 206 204 203 201 200 200 200 200 200 200 200 200 200 200 200 200 200 200 200 200 200 200 200 200 201 202 202 203 203 204 204 204 205 205 206 206 207 208 209 211 212 213 214 214 214 215 215 215 216 216 216 216 216 217 217 217 217 218 218 218 218 219 219 219 219 220 220 220 220 221 221 221 221 222 222 222 222 222 222 223 223 223
220 219 217 216 215 214 212 211 209 207 206 206 205 204 202 201 199 200 200 200 200 200 200 200 200 200 200 200 200 200 200 200 200 200 200 201 202 203 203 204 204 205 206 206 206 207 207 208 209 210 211 212 213 214 215 215 215 216 216 216 216 217 217 217 217 217 218 218 218 218 219 219 219 219 220 220 220 220 220 221 221 221 221 222 222 222 222 222 223 223 223 223 223 223
219 218 216 215 214 213 212 210 208 207 206 206 205 204 203 201 200 201 201 201 201 201 201 201 201 201 200 200 200 201 201 201 200 200 201 202 202 203 204 205 206 207 207 208 208 208 209 210 211 212 213 214 215 216 216 216 216 216 217 217 217 217 217 218 218 218 218 218 219 219 219 219 219 220 220 220 220 221 221 221 221 222 222 222 222 222 223 223 223 223 223 223 224 224
218 217 216 214 213 213 212 211 209 207 206 206 205 204 204 203 203 202 203 203 202 202 202 202 202 201 201 201 201 201 202 202 201 202 202 203 204 205 206 206 207 208 209 209 210 210 211 212 213 214 215 216 216 217 217 217 217 217 217 217 218 218 218 218 218 218 219 219 219 219 219 220 220 220 220 220 221 221 221 222 222 222 222 222 223 223 223 223 223 223 223 224 224 224
218 217 215 214 213 213 212 211 210 208 207 207 207 206 205 205 205 205 205 205 204 203 203 203 203 202 202 202 202 202 203 203 203 203 204 204 205 206 207 208 209 209 210 211 211 212 213 214 215 216 216 217 217 217 217 217 217 218 218 218 218 218 218 219 219 219 219 219 219 220 220 220 220 220 221 221 221 221 222 222 222 222 222 223 223 223 223 223 223 224 224 224 224 224
218 217 215 215 214 213 213 211 210 209 209 209 208 207 207 207 207 207 207 206 206 205 205 204 204 204 204 204 204 204 205 205 205 206 206 206 207 207 208 209 210 211 211 212 213 214 215 216 216 217 217 217 218 218 218 218 218 218 218 218 219 219 219 219 219 219 219 219 220 220 220 220 220 221 221 221 221 222 222 222 222 222 223 223 223 223 223 223 224 224 224 224 224 224
219 217 216 215 215 214 213 212 211 210 210 210 210 209 208 208 209 208 208 208 208 207 206 206 206 206 206 206 207 207 207 208 208 208 208 208 209 209 209 210 211 212 213 213 214 215 216 217 217 217 218 218 218 218 218 218 218 219 219 219 219 219 219 219 219 219 220 220 220 220 220 220 221 221 221 221 221 222 222 222 222 222 223 223 223 223 223 224 224 224 224 224 224 224
219 218 217 216 216 215 214 213 212 211 212 212 211 210 209 209 210 210 210 210 209 209 209 209 209 209 209 209 210 210 210 211 211 211 211 210 210 211 211 211 212 213 214 214 215 216 217 217 217 218 218 218 218 218 219 219 219 219 219 219 219 219 219 220 220 220 220 220 220 220 220 221 221 221 221 221 221 222 222 222 222 223 223 223 223 223 224 224 224 224 224 224 224 225
220 219 217 217 216 216 215 214 213 212 213 213 212 211 210 210 210 211 211 211 211 211 211 211 211 212 212 212 212 213 213 213 213 213 212 212 212 212 212 213 213 214 214 215 216 216 217 218 218 218 218 219 219 219 219 219 219 219 219 220 220 220 220 220 220 220 220 220 220 220 221 221 221 221 221 221 221 222 222 222 222 223 223 223 223 223 224 224 224 224 224 224 224 225
221 219 218 218 217 216 216 215 214 213 214 214 212 211 211 211 211 211 212 212 212 212 212 212 213 213 213 214 214 214 215 215 214 214 214 214 214 213 213 214 214 215 215 216 216 217 217 218 218 218 219 219 219 219 219 219 219 220 220 220 220 220 220 220 220 220 220 220 220 221 221 221 221 221 221 221 221 222 222 222 222 223 223 223 223 223 224 224 224 224 224 224 224 225
221 220 219 219 218 217 217 216 215 215 215 215 213 212 212 212 212 212 212 213 213 213 213 213 213 213 214 214 215 215 216 216 215 215 215 215 215 214 214 214 215 215 216 216 217 217 218 218 219 219 219 219 219 219 220 220 220 220 220 220 220 220 220 220 220 220 220 220 221 221 221 221 221 221 221 221 222 222 222 222 222 223 223 223 223 223 224 224 224 224 224 224 224 225
222 221 220 220 219 218 218 217 216 216 217 216 214 213 212 212 212 213 213 213 213 213 213 213 213 214 214 214 215 216 216 216 216 216 216 215 215 215 215 215 215 216 216 217 217 218 218 218 219 219 219 220 220 220 220 220 220 220 220 220 220 220 220 221 221 221 221 221 221 221 221 221 221 221 221 221 222 222 222 222 222 223 223 223 223 223 224 224 224 224 224 224 224 225
222 222 221 221 220 219 219 218 217 218 218 217 215 214 213 213 213 213 213 214 214 214 214 214 214 214 214 215 215 216 216 216 216 216 216 216 216 216 216 216 216 216 216 217 217 218 218 219 219 219 220 220 220 220 220 220 220 220 220 220 221 221 221 221 221 221 221 221 221 221 221 221 221 221 221 222 222 222 222 222 222 223 223 223 223 223 223 224 224 224 224 224 224 225
223 223 223 222 221 221 220 219 219 219 219 218 216 215 214 213 213 213 214 214 215 215 214 214 214 214 214 215 215 216 216 217 217 217 217 217 216 216 216 216 216 216 217 217 218 218 219 219 219 220 220 220 220 220 220 220 220 220 221 221 221 221 221 221 221 221 221 221 221 221 221 221 221 221 222 222 222 222 222 222 222 223 223 223 223 223 223 224 224 224 224 224 224 225
224 224 224 223 223 222 221 221 220 220 219 218 217 216 215 214 214 214 214 215 215 215 215 215 214 214 215 215 216 216 217 217 217 217 217 217 217 217 217 216 216 217 217 218 218 218 219 219 220 220 220 220 220 220 220 220 221 221 221 221 221 221 221 221 221 221 221 221 221 221 221 221 221 221 222 222 222 222 222 222 222 223 223 223 223 223 223 224 224 224 224 224 224 225
225 225 225 225 224 222 221 221 221 221 220 218 218 217 216 215 215 215 215 215 215 215 215 215 215 215 215 215 216 216 217 217 217 217 217 217 217 217 217 217 217 217 217 218 218 219 219 219 220 220 220 220 220 220 220 221 221 221 221 221 221 221 221 221 221 221 221 221 221 221 221 221 221 221 222 222 222 222 222 222 222 223 223 223 223 223 224 224 224 224 224 224 224 225
226 226 226 225 224 222 221 221 221 221 220 219 218 217 217 216 215 215 215 216 216 216 216 215 215 215 215 215 216 216 217 217 217 217 217 217 217 217 217 217 217 217 218 218 218 219 219 219 220 220 220 220 220 220 220 221 221 221 221 221 221 221 221 221 221 221 221 221 221 221 221 221 221 222 222 222 222 222 222 222 223 223 223 223 223 223 224 224 224 224 224 224 225 225
227 226 226 226 225 223 221 221 221 221 220 219 218 217 217 217 216 216 216 216 216 216 216 216 215 215 215 215 216 216 217 217 217 217 217 217 217 217 217 217 218 218 218 218 219 219 219 220 220 220 220 220 220 220 221 221 221 221 221 221 221 221 221 221 221 221 221 221 221 221 221 221 222 222 222 222 222 222 222 223 223 223 223 223 223 224 224 224 224 224 224 224 225 225
227 227 227 226 225 223 222 222 222 221 220 219 219 218 217 217 217 217 217 217 217 216 216 216 216 215 215 215 215 216 216 217 217 217 217 217 217 217 217 218 218 218 218 219 219 219 219 220 220 220 220 221 221 221 221 221 221 221 221 221 221 221 221 221 221 221 221 221 221 221 221 222 222 222 222 222 222 222 222 223 223 223 223 223 223 224 224 224 224 224 224 224 225 225
228 227 227 226 225 223 222 222 222 221 221 220 219 219 218 218 218 217 217 217 217 217 216 216 216 216 215 215 215 216 216 217 217 217 217 217 217 217 218 218 218 218 219 219 219 219 220 220 220 221 221 221 221 221 221 221 221 221 221 221 221 221 221 221 221 221 222 222 222 222 222 222 222 222 222 222 222 222 223 223 223 223 223 223 224 224 224 224 224 224 224 225 225 225
229 228 227 226 225 224 223 222 222 222 221 221 220 220 219 219 218 218 218 218 217 217 217 216 216 216 216 216 216 216 216 216 217 217 217 217 217 217 218 218 218 218 219 219 219 220 220 220 221 221 221 221 221 221 221 221 221 221 221 221 221 221 221 222 222 222 222 222 222 222 222 222 222 222 222 222 222 223 223 223 223 223 223 223 224 224 224 224 224 224 224 225 225 225
229 228 227 226 226 225 224 223 222 222 222 221 221 220 220 219 219 218 218 218 218 217 217 217 216 216 216 216 216 216 216 216 217 217 217 217 217 218 218 218 218 219 219 219 219 220 220 220 221 221 221 221 221 221 221 221 221 221 221 221 222 222 222 222 222 222 222 222 222 222 222 222 222 222 222 222 223 223 223 223 223 223 223 224 224 224 224 224 224 224 224 225 225 225
229 228 227 226 226 225 224 223 223 222 222 222 221 221 220 220 219 219 219 218 218 218 217 217 217 216 216 216 216 216 216 217 217 217 218 218 218 218 218 218 219 219 219 219 220 220 220 221 221 221 221 221 221 221 221 221 221 222 222 222 222 222 222 222 222 222 222 222 222 222 222 222 222 222 222 223 223 223 223 223 223 223 224 224 224 224 224 224 224 224 225 225 225 225
229 228 227 227 227 226 225 224 223 223 222 222 221 221 221 220 220 219 219 219 218 218 218 217 217 217 216 216 216 216 217 217 217 218 218 218 218 218 218 219 219 219 219 220 220 220 221 221 221 221 221 222 222 222 222 222 222 222 222 222 222 222 222 222 222 222 222 222 222 222 222 222 222 223 223 223 223 223 223 223 223 224 224 224 224 224 224 224 224 225 225 225 225 225
230 229 228 227 227 226 225 224 224 223 223 222 222 221 221 220 220 220 219 219 219 218 218 217 217 217 217 217 217 217 217 217 217 218 218 218 218 219 219 219 219 219 220 220 220 220 221 221 221 221 222 222 222 222 222 222 222 222 222 222 222 222 222 222 222 222 222 222 222 223 223 223 223 223 223 223 223 223 223 224 224 224 224 224 224 224 224 224 224 225 225 225 225 225
230 230 229 228 228 227 226 225 224 223 223 222 222 222 221 221 220 220 219 219 219 219 218 218 217 217 217 217 217 217 217 217 217 218 218 218 219 219 219 219 219 220 220 220 220 221 221 221 221 222 222 222 222 222 222 222 222 222 222 222 222 223 223 223 223 223 223 223 223 223 223 223 223 223 223 223 223 223 224 224 224 224 224 224 224 224 224 224 225 225 225 225 225 225
