NBLlidar4m_225_1_4m_ang.asc
ncols	201
nrows	201
xllcorner	355300.000000
yllcorner	683700.000000
cellsize	4.000000
NODATA_value	-9999.000000
[rows 0 to 41 of 201, columns 94 to 187 of 201]
248 248 248 248 248 248 248 248 248 248 248 248 248 247 247 247 246 246 246 246 245 245 245 244 244 244 243 243 243 242 242 242 242 241 241 241 240 240 240 240 240 239 239 239 239 238 238 238 238 237 237 237 237 237 237 237 236 236 236 236 236 236 236 236 236 236 235 235 235 235 236 236 236 236 236 237 237 238 238 239 239 239 239 239 239 239 239 238 238 238 237 237 236 235
248 248 248 248 248 248 248 248 248 248 248 248 248 247 247 247 246 246 246 246 245 245 245 244 244 244 243 243 243 242 242 242 242 241 241 241 240 240 240 240 240 239 239 239 239 238 238 238 238 237 237 237 237 237 237 237 236 236 236 236 236 236 236 236 236 236 235 235 235 235 236 236 236 236 236 237 237 238 238 239 239 239 239 239 239 239 239 238 238 238 237 237 236 235
249 249 249 248 248 248 248 248 248 248 248 248 247 247 247 247 246 246 246 246 245 245 245 244 244 244 243 243 243 242 242 242 241 241 241 241 240 240 240 240 239 239 239 239 239 238 238 238 238 237 237 237 237 237 237 237 236 236 236 236 236 236 236 236 236 235 235 235 235 235 235 236 236 236 236 237 237 237 238 238 239 239 239 239 239 239 239 238 238 238 237 237 236 235
249 249 249 249 248 248 248 248 248 248 248 247 247 247 247 246 246 246 246 246 245 245 245 244 244 244 243 243 243 242 242 242 241 241 241 241 240 240 240 240 239 239 239 239 238 238 238 238 238 237 237 237 237 237 237 237 236 236 236 236 236 236 236 236 235 235 235 235 235 235 235 235 235 236 236 236 237 237 237 238 238 238 238 238 238 238 238 238 238 238 237 236 236 235
249 249 249 249 249 249 248 248 248 248 248 247 247 247 247 246 246 246 246 245 245 245 244 244 244 243 243 243 242 242 242 242 241 241 241 240 240 240 240 240 239 239 239 239 238 238 238 238 238 238 237 237 237 237 237 237 237 236 236 236 236 236 236 236 235 235 235 235 235 235 235 235 235 235 236 236 236 237 237 237 237 237 237 238 238 238 238 238 237 237 237 236 235 234
249 249 249 249 249 249 249 248 248 248 248 248 247 247 247 247 246 246 246 245 245 245 244 244 244 243 243 243 242 242 242 242 241 241 241 240 240 240 240 240 239 239 239 239 238 238 238 238 238 238 237 237 237 237 237 237 237 236 236 236 236 236 236 236 235 235 235 235 235 235 235 235 235 235 235 236 236 236 236 236 237 237 237 237 237 237 237 237 237 237 236 235 235 234
249 249 249 249 249 249 249 249 248 248 248 248 247 247 247 247 246 246 246 246 245 245 244 244 244 243 243 243 242 242 242 241 241 241 241 240 240 240 240 240 239 239 239 239 238 238 238 238 238 238 238 237 237 237 237 237 237 237 236 236 236 236 236 236 236 235 235 235 235 235 235 235 235 235 235 236 236 236 236 236 236 236 236 237 237 237 237 237 237 236 236 235 234 233
250 250 250 250 250 249 249 249 249 249 248 248 248 247 247 247 246 246 246 246 245 245 244 244 244 243 243 243 242 242 242 241 241 241 241 240 240 240 240 240 240 239 239 239 239 238 238 238 238 238 238 238 238 237 237 237 237 237 236 236 236 236 236 236 235 235 235 235 235 235 235 235 235 235 235 235 236 236 236 236 236 236 236 236 236 236 237 236 236 236 235 234 233 232
250 250 250 250 250 250 249 249 249 249 249 248 248 248 247 247 247 246 246 246 245 245 245 244 244 244 243 243 243 242 242 242 241 241 241 240 240 240 240 240 240 239 239 239 239 239 238 238 238 238 238 238 238 238 238 237 237 237 236 236 236 236 236 235 235 235 235 235 235 235 235 235 235 235 235 235 235 235 235 235 235 235 235 235 235 236 236 236 236 235 235 234 233 232
251 251 251 250 250 250 250 250 249 249 249 249 248 248 248 247 247 247 246 246 246 245 245 244 244 244 244 243 243 243 242 242 241 241 241 241 240 240 240 240 240 239 239 239 239 239 239 238 238 238 238 238 238 238 238 237 237 237 236 236 236 236 235 235 235 235 235 235 235 235 235 235 235 235 235 235 234 234 234 233 233 233 233 234 234 234 234 235 235 234 234 233 232 231
251 251 251 251 251 250 250 250 250 250 249 249 249 248 248 248 247 247 247 246 246 246 245 245 244 244 244 243 243 243 242 242 242 241 241 241 240 240 240 240 240 239 239 239 239 239 239 238 238 238 238 238 238 238 237 237 237 236 236 236 236 236 236 235 235 235 235 235 235 235 235 235 235 235 235 234 234 233 233 233 232 232 232 232 232 232 232 233 233 232 232 231 230 229
252 252 252 252 251 251 251 250 250 250 250 250 249 249 249 248 248 248 247 247 246 246 245 245 245 244 244 244 243 243 242 242 242 241 241 241 240 240 240 240 240 239 239 239 239 239 239 238 238 238 238 238 237 237 237 237 237 236 236 236 236 236 236 236 235 235 235 235 235 235 235 235 235 235 234 234 233 233 232 232 231 231 230 230 230 230 230 230 230 230 230 229 228 227
253 253 253 253 252 252 252 251 251 251 251 250 250 250 249 249 249 248 248 247 247 246 246 245 245 245 244 244 243 243 242 242 242 241 241 241 240 240 240 240 240 239 239 239 239 239 238 238 238 238 238 237 237 237 237 237 237 236 236 236 235 235 235 235 235 235 235 235 235 235 235 234 234 234 233 233 232 232 231 230 230 229 229 229 229 229 229 229 229 229 228 228 227 226
254 254 254 254 254 253 253 253 252 252 252 251 251 251 250 250 249 249 248 248 247 247 246 246 245 245 244 244 243 243 242 242 242 241 241 241 241 240 240 240 240 239 239 239 239 239 238 238 238 238 238 237 237 237 237 237 236 236 235 235 235 235 234 234 234 234 234 233 233 233 233 233 233 233 232 232 231 230 230 230 229 229 229 228 228 228 228 228 228 228 227 227 226 225
256 255 255 255 255 254 254 254 254 253 253 252 252 251 251 251 250 250 249 249 248 247 247 246 246 245 245 244 244 243 243 242 242 242 241 241 241 241 240 240 240 239 239 239 239 238 238 238 238 238 237 237 237 237 236 236 236 235 235 234 234 233 233 233 232 232 232 232 232 232 232 232 232 232 231 231 230 230 230 229 229 229 228 228 228 228 228 228 227 227 227 226 225 225
257 257 256 256 256 256 256 255 255 255 254 254 253 253 252 252 251 251 250 250 249 248 248 247 246 246 245 245 244 244 243 243 242 242 241 241 241 241 240 240 239 239 239 239 238 238 238 238 237 237 237 237 236 236 236 235 235 234 234 233 232 232 232 231 231 231 231 231 231 231 231 231 231 231 231 230 230 230 229 229 229 228 228 228 228 228 227 227 227 227 226 226 225 224
258 258 258 257 257 257 257 257 256 256 255 255 254 254 253 253 252 252 251 251 250 249 249 248 247 247 246 245 245 244 243 243 242 242 241 241 241 240 240 239 239 239 238 238 238 238 237 237 237 237 236 236 236 235 235 234 234 233 232 232 231 231 230 230 230 230 230 230 230 230 230 230 230 230 230 229 229 229 229 229 228 228 228 228 228 227 227 227 227 226 226 225 225 224
259 259 258 258 258 257 257 257 257 257 256 256 255 255 254 254 253 253 252 252 251 250 249 249 248 247 247 246 245 244 244 243 242 242 241 241 241 240 240 239 239 238 238 238 237 237 237 236 236 236 236 235 235 234 234 233 233 232 231 231 230 230 230 229 229 229 229 229 229 229 229 229 229 229 229 229 229 229 228 228 228 228 228 228 227 227 227 227 226 226 226 225 225 224
259 259 259 258 258 258 257 257 257 257 256 256 256 255 255 254 254 253 253 252 251 251 250 249 249 248 247 247 246 245 244 243 242 242 241 241 240 240 239 239 238 238 237 237 237 237 236 236 236 235 235 235 234 234 233 233 232 231 231 230 230 229 229 229 228 228 228 228 228 229 229 229 229 229 229 228 228 228 228 228 228 228 228 227 227 227 227 227 226 226 226 226 225 224
260 260 259 259 258 258 258 257 257 257 256 256 256 255 255 254 253 253 252 252 251 251 250 249 249 248 247 247 246 245 244 243 243 242 241 241 240 239 239 238 238 237 237 236 236 236 235 235 235 235 234 234 233 233 232 232 232 231 231 230 229 229 229 228 228 228 228 229 229 229 229 229 229 229 228 228 228 228 228 227 227 227 227 227 227 227 227 227 227 226 226 226 225 225
261 260 260 260 259 258 258 258 257 257 257 257 256 256 255 254 254 253 252 252 251 250 250 249 248 248 247 247 246 245 244 244 243 242 242 241 240 239 238 238 237 237 236 236 235 235 235 234 234 234 234 233 233 233 232 232 232 231 231 230 230 229 229 229 229 229 229 229 229 229 229 229 229 229 228 228 228 228 227 227 227 227 227 227 227 227 227 227 227 227 227 226 226 225
261 261 261 260 260 259 258 258 257 257 257 257 257 257 256 255 255 254 253 252 251 251 250 249 248 248 248 247 246 245 245 244 243 243 242 241 240 239 238 237 237 236 236 235 235 234 234 234 234 234 233 233 233 232 232 232 232 231 231 231 230 230 230 229 229 229 229 229 229 230 230 229 229 229 228 228 228 228 227 227 227 228 228 228 228 228 228 227 227 227 227 227 226 226
260 260 260 260 260 259 258 257 257 257 257 257 257 256 256 256 255 254 253 252 251 251 250 249 248 248 247 247 246 245 245 244 243 243 242 241 240 239 238 237 236 236 235 235 234 234 234 234 233 233 233 233 232 232 232 232 232 231 231 231 231 230 230 230 230 230 230 230 230 230 230 229 229 229 228 228 228 228 228 228 228 228 228 228 228 228 228 228 228 227 227 227 226 226
259 259 259 259 259 258 258 257 256 256 256 256 256 255 255 255 254 253 252 251 251 250 249 249 248 247 247 246 246 245 244 244 243 242 242 241 240 239 238 237 236 236 235 234 234 234 234 233 233 233 233 233 232 232 232 231 231 231 231 231 231 231 231 231 230 230 230 230 230 230 230 229 229 229 228 228 228 228 228 228 228 228 228 228 228 228 228 228 228 227 227 227 226 226
258 259 258 258 258 257 256 256 255 255 254 254 254 254 254 253 252 252 251 250 249 249 248 247 247 246 245 245 244 244 243 243 242 242 241 240 239 239 238 237 236 235 235 234 234 234 233 233 233 233 233 232 232 232 231 231 231 231 231 231 231 231 231 231 231 231 231 230 230 230 230 230 229 229 228 228 228 228 228 228 228 228 228 228 228 228 228 227 227 227 227 226 226 226
258 258 258 257 257 256 255 255 254 254 254 253 253 253 252 252 251 250 249 249 248 247 246 246 245 244 244 243 243 242 242 242 241 241 240 240 239 238 238 237 236 235 235 234 234 234 233 233 233 233 233 232 232 232 231 231 231 231 231 231 231 231 231 231 231 231 231 231 230 230 230 230 229 229 229 228 228 228 228 228 228 228 228 228 228 228 227 227 227 227 226 226 226 225
257 257 257 257 256 255 255 254 254 253 253 252 252 252 251 251 250 249 248 247 246 246 245 244 243 243 242 242 242 241 241 240 240 240 239 239 238 238 237 237 236 235 234 234 234 233 233 233 233 232 232 232 232 231 231 231 231 231 231 231 231 231 231 231 231 231 231 230 230 230 230 230 229 229 229 228 228 228 228 228 228 228 228 228 227 227 227 227 226 226 226 225 225 224
257 256 256 256 256 255 254 254 253 253 252 252 251 251 250 249 248 248 247 246 245 244 243 242 242 241 241 241 241 240 240 239 239 238 238 238 237 237 237 236 235 235 234 234 233 233 233 232 232 232 232 231 231 231 231 230 230 230 230 231 231 231 231 231 231 231 231 230 230 230 230 230 229 229 228 228 228 228 228 228 228 228 228 228 227 227 226 226 226 225 225 224 224 223
255 255 255 256 255 255 254 254 253 253 252 251 250 250 249 248 247 246 245 245 244 243 242 241 240 239 239 239 239 239 238 238 237 237 237 236 236 236 236 235 235 234 234 233 233 233 232 232 232 232 231 231 231 230 230 230 230 230 230 230 230 231 231 231 231 231 230 230 230 230 229 229 229 229 228 228 228 228 228 228 228 228 228 227 227 226 226 225 225 224 224 223 223 222
254 254 254 255 255 254 254 253 253 252 252 251 250 249 248 247 246 245 244 243 242 241 240 239 239 238 237 237 237 237 236 236 235 235 235 235 235 235 235 234 234 233 233 233 232 232 232 231 231 231 231 230 230 230 229 229 229 229 229 229 230 230 230 230 230 230 230 230 229 229 229 229 228 228 228 228 228 228 228 228 228 228 227 227 226 226 225 224 224 223 223 222 222 221
252 252 252 253 253 254 253 253 252 252 251 250 249 248 247 246 245 244 243 242 241 240 239 238 237 236 236 235 235 235 235 234 234 233 233 233 233 233 233 233 233 233 232 232 232 232 231 231 231 230 230 230 229 229 229 228 228 228 228 228 229 229 229 229 229 229 229 229 228 228 228 228 228 228 227 227 227 227 228 228 227 227 227 226 226 225 224 224 223 223 222 222 221 221
250 250 250 250 251 252 252 252 251 250 250 249 248 246 245 244 244 243 242 241 240 239 238 237 236 235 235 234 234 234 233 233 232 232 232 232 232 232 232 232 232 232 231 231 231 231 231 230 230 230 230 229 229 228 228 227 227 227 227 227 228 228 228 228 228 228 228 228 227 227 227 227 227 227 227 227 227 227 227 227 227 227 227 226 225 225 224 223 223 222 222 221 221 220
249 248 248 248 249 250 250 250 249 249 248 247 246 245 244 243 242 241 241 240 239 238 237 236 235 235 234 233 233 233 232 232 231 231 230 230 230 230 230 230 230 230 230 230 230 230 230 229 229 229 229 228 228 227 227 226 226 225 226 226 226 227 227 227 226 226 226 226 226 226 226 226 226 226 226 226 227 227 227 227 227 226 226 225 225 224 223 223 222 221 221 221 220 220
248 247 247 246 247 247 247 247 247 246 246 245 244 243 242 241 240 240 240 239 238 237 236 235 234 234 233 232 232 231 231 231 230 230 229 229 229 229 229 229 229 229 229 229 229 228 228 228 228 228 228 227 227 226 226 225 224 224 224 225 225 225 225 225 225 225 225 225 225 225 225 225 225 226 226 226 226 226 226 226 226 226 225 225 224 224 223 222 221 221 220 220 220 219
246 246 245 244 244 244 245 244 244 244 243 243 242 241 240 239 239 238 238 238 237 236 235 234 233 233 232 231 231 230 230 230 229 229 228 228 227 227 227 227 227 227 227 227 227 227 227 227 227 226 226 226 225 225 224 224 223 223 223 224 224 225 225 225 225 225 225 225 225 225 225 225 225 225 225 226 226 226 226 226 226 225 225 224 223 223 222 221 221 220 220 220 219 219
244 244 243 243 243 243 242 242 242 241 241 241 240 239 238 238 237 237 237 237 236 235 234 233 232 231 230 230 229 229 229 228 228 227 227 226 226 225 225 225 226 226 225 225 225 225 225 225 225 225 225 224 224 224 223 223 223 223 223 223 224 224 224 224 224 224 224 224 224 224 224 224 224 225 225 225 225 225 225 225 225 224 224 223 223 222 221 221 220 220 219 219 219 219
242 242 241 241 241 241 241 240 240 239 239 238 238 237 237 236 236 236 236 236 236 235 233 232 230 229 229 228 228 227 227 227 226 226 225 225 224 224 224 224 224 224 224 223 223 223 223 223 223 223 223 223 223 223 223 222 222 222 223 223 223 224 224 224 224 224 224 224 224 224 224 224 224 224 224 224 224 224 224 224 224 223 223 222 222 221 220 220 219 219 219 219 219 219
241 241 240 240 240 240 240 239 239 238 237 237 236 236 235 235 234 234 234 235 236 235 232 230 228 227 227 226 226 226 225 225 225 224 224 223 222 222 222 222 222 222 222 222 221 221 221 221 221 222 222 222 222 222 222 222 222 222 222 223 223 223 224 224 224 224 224 224 224 223 223 223 223 223 223 223 223 223 223 223 223 222 222 221 221 220 220 219 219 219 219 219 219 219
240 240 239 239 239 239 238 238 238 237 236 236 235 234 234 233 232 231 232 233 235 234 231 228 226 225 224 224 224 224 223 223 223 223 222 221 221 221 221 221 221 221 221 220 220 220 220 220 221 221 221 222 222 222 222 222 222 222 222 222 223 223 223 224 224 224 223 223 223 223 222 222 222 222 222 222 222 222 222 222 221 221 221 221 220 220 220 219 219 219 219 219 220 220
239 239 238 238 237 237 237 237 237 236 236 235 234 233 232 231 229 228 228 229 231 231 228 225 223 222 222 222 222 222 222 221 221 221 220 220 220 219 219 220 220 220 220 220 219 219 220 220 220 220 221 221 221 222 222 222 221 222 222 222 222 223 223 223 223 223 223 222 222 221 221 221 221 221 221 221 221 221 221 220 220 220 220 220 220 219 219 219 219 219 219 219 219 219
238 238 237 237 236 236 235 235 235 235 235 234 233 232 231 229 227 225 225 226 228 228 225 222 220 220 220 220 220 220 220 220 219 219 219 218 218 218 218 218 219 219 219 219 219 219 219 219 220 220 220 221 221 221 221 221 221 221 221 221 221 222 222 222 222 222 221 221 220 220 220 219 219 219 219 219 219 219 219 219 219 219 219 219 218 218 218 218 218 218 218 218 218 218
238 237 236 236 235 234 234 234 234 234 233 233 232 231 229 227 225 223 223 224 225 225 223 219 217 217 217 217 218 218 218 218 217 217 217 217 217 217 217 217 217 218 218 218 218 218 218 219 219 219 219 220 220 220 220 220 219 220 220 220 220 220 220 220 220 220 219 219 219 218 218 218 218 218 218 218 218 217 217 217 217 217 217 217 217 217 217 217 217 217 217 217 217 216
