NBLlidar4m_225_1_4m_ang.asc
ncols	201
nrows	201
xllcorner	355300.000000
yllcorner	683700.000000
cellsize	4.000000
NODATA_value	-9999.000000
[rows 0 to 41 of 201, columns 0 to 93 of 201]
225 225 225 225 225 225 225 225 225 225 225 225 226 226 227 227 227 227 228 228 228 227 227 227 227 227 227 227 227 227 227 227 227 227 227 227 227 228 228 228 228 229 229 229 230 230 230 231 231 232 232 232 233 233 234 234 235 235 235 236 237 237 238 238 238 239 239 240 240 241 241 241 242 242 243 243 243 244 244 245 245 245 246 246 246 247 247 247 247 248 248 248 248 248
225 225 225 225 225 225 225 225 225 225 225 225 226 226 227 227 227 227 228 228 228 227 227 227 227 227 227 227 227 227 227 227 227 227 227 227 227 228 228 228 228 229 229 229 230 230 230 231 231 232 232 232 233 233 234 234 235 235 235 236 237 237 238 238 238 239 239 240 240 241 241 241 242 242 243 243 243 244 244 245 245 245 246 246 246 247 247 247 247 248 248 248 248 248
225 225 225 225 225 226 226 225 226 226 226 226 226 227 227 227 227 227 228 227 227 227 227 227 227 227 227 227 227 227 227 227 227 227 228 228 228 228 228 228 229 229 229 230 230 230 231 231 231 232 232 233 233 233 234 234 235 235 236 236 237 237 238 238 239 239 239 240 240 241 241 242 242 242 243 243 244 244 244 245 245 246 246 246 247 247 247 247 248 248 248 248 248 248
225 225 225 225 226 226 226 226 226 227 227 227 227 227 227 227 227 227 227 227 227 227 227 227 227 227 227 227 227 227 227 227 228 228 228 228 228 228 229 229 229 229 230 230 230 231 231 231 232 232 233 233 233 234 234 234 235 235 236 236 237 237 238 238 239 239 240 240 241 241 242 242 242 243 243 244 244 244 245 245 246 246 246 247 247 247 248 248 248 248 248 248 249 249
225 225 225 226 226 227 227 227 227 227 227 227 227 227 227 227 227 227 227 227 227 227 227 227 227 227 227 227 227 227 228 228 228 228 228 229 229 229 229 229 230 230 230 230 231 231 231 231 232 232 233 233 233 234 234 235 235 236 236 237 237 238 238 239 239 240 240 241 241 242 242 242 243 243 244 244 245 245 245 246 246 246 247 247 248 248 248 248 248 248 248 249 249 249
226 226 226 226 227 227 227 227 227 227 227 227 227 227 227 227 227 227 227 226 226 226 226 226 227 227 227 227 227 228 228 228 229 229 229 229 229 229 229 230 230 230 230 231 231 231 231 232 232 232 233 233 234 234 234 235 235 236 236 237 237 238 238 239 239 240 240 241 241 242 242 243 243 244 244 245 245 246 246 246 247 247 247 248 248 248 248 248 249 249 249 249 249 249
227 226 226 227 227 227 227 227 227 227 227 227 227 227 227 227 226 226 226 226 226 226 226 226 226 227 227 227 228 228 228 229 229 229 229 229 229 229 229 230 230 230 230 231 231 231 231 232 232 233 233 233 234 234 235 235 236 236 237 237 238 238 239 239 240 240 241 241 242 242 243 243 244 244 245 245 246 246 247 247 247 247 248 248 248 249 249 249 249 249 249 249 249 249
227 227 226 226 227 227 227 227 227 226 226 226 226 226 226 226 226 226 226 226 226 226 226 227 227 227 227 228 228 229 229 229 229 229 229 229 229 229 230 230 230 230 231 231 231 231 232 232 233 233 233 234 234 235 235 236 236 237 237 238 238 239 239 240 240 241 241 242 242 243 243 244 245 245 245 246 246 247 247 248 248 248 248 249 249 249 249 249 250 250 250 250 250 250
227 227 226 226 226 227 227 226 226 226 226 226 226 226 226 226 226 226 226 226 226 227 227 227 227 228 228 228 228 229 229 229 229 229 229 229 229 229 230 230 230 231 231 231 231 232 232 232 233 233 233 234 234 235 235 236 236 237 238 238 239 239 240 240 241 241 242 242 243 244 244 245 245 246 246 247 247 247 248 248 249 249 249 249 249 250 250 250 250 250 250 250 250 250
227 227 226 226 226 226 226 226 226 226 226 226 226 226 226 226 226 226 227 227 227 227 227 227 228 228 228 228 228 229 229 229 229 229 229 229 229 229 230 230 230 231 231 231 231 232 232 233 233 233 234 234 235 235 236 236 237 237 238 239 239 240 240 241 241 242 242 243 244 244 245 245 246 246 247 247 248 248 249 249 249 250 250 250 250 250 250 251 251 251 251 251 251 251
227 226 226 226 226 226 226 226 226 226 226 226 226 226 226 226 226 227 227 227 227 227 227 227 228 228 228 228 228 228 229 229 229 229 229 229 229 229 230 230 230 231 231 231 232 232 232 233 233 233 234 234 235 235 236 237 237 238 239 239 240 240 241 241 242 243 243 244 244 245 246 246 247 247 248 248 249 249 249 250 250 250 251 251 251 251 251 251 251 251 251 252 252 252
227 226 226 226 226 226 226 226 226 226 226 226 226 226 226 226 227 227 227 227 227 227 227 227 228 228 228 228 228 228 228 229 229 229 229 229 229 229 230 230 230 230 231 231 232 232 232 233 233 234 234 234 235 236 236 237 237 238 239 240 240 241 241 242 242 243 244 245 245 246 246 247 248 248 249 249 250 250 250 251 251 252 252 252 252 253 253 253 252 252 252 252 252 252
226 226 226 226 226 226 226 226 226 226 226 226 226 226 227 227 227 227 227 227 227 227 227 227 228 228 228 228 228 228 228 229 229 229 229 229 229 229 230 230 230 230 231 231 232 232 232 233 233 234 234 235 235 236 236 237 238 239 239 240 241 241 242 242 243 244 245 245 246 247 247 248 248 249 249 250 251 251 251 252 252 253 253 253 253 254 254 254 254 254 253 253 253 253
226 226 226 226 226 226 226 226 226 226 226 226 226 227 227 227 227 227 227 227 227 227 227 227 228 228 228 228 228 228 228 228 229 229 229 229 229 229 230 230 230 230 231 231 231 232 232 233 233 234 234 235 235 236 236 237 238 239 240 240 241 242 242 243 244 245 246 246 247 248 248 249 249 250 250 251 252 252 253 253 253 254 254 254 255 255 255 255 255 255 255 255 255 254
226 226 226 226 226 226 226 226 226 226 226 227 227 227 227 227 227 227 227 227 227 227 227 227 227 228 228 228 228 228 228 228 228 229 229 229 229 229 229 230 230 230 230 231 231 232 232 233 233 234 234 235 235 236 236 237 238 239 240 241 241 242 243 244 245 246 246 247 248 248 249 250 250 251 251 252 253 253 254 254 255 255 256 256 256 256 256 256 256 256 256 256 256 256
226 227 227 227 227 227 227 227 227 227 227 227 227 227 227 227 227 227 227 227 227 227 227 227 227 227 228 228 228 228 228 228 228 228 229 229 229 229 229 230 230 230 230 231 231 232 232 233 233 233 234 235 235 236 236 237 238 239 240 241 241 242 243 244 245 246 247 248 249 249 250 250 251 252 252 253 254 254 255 255 256 257 257 257 258 258 258 258 258 258 258 257 257 257
227 227 227 227 227 227 227 227 227 227 227 227 227 227 227 227 227 227 227 227 227 227 227 227 227 227 227 228 228 228 228 228 228 228 229 229 229 229 229 230 230 230 230 231 231 232 232 232 233 233 234 235 235 236 236 237 238 239 240 241 242 243 244 245 246 247 248 249 249 250 251 251 252 252 253 254 254 255 256 256 257 258 258 258 259 259 259 259 259 259 259 259 259 258
227 227 227 227 227 227 227 227 227 227 227 227 227 227 227 227 227 227 227 227 227 227 227 227 227 227 227 227 227 228 228 228 228 228 228 229 229 229 229 229 230 230 230 231 231 232 232 232 233 233 234 235 235 236 237 238 239 240 240 241 242 243 244 246 247 248 249 250 250 251 251 252 252 253 254 254 255 255 256 257 257 258 258 259 259 259 260 260 260 260 260 259 259 259
228 228 228 228 227 227 227 227 227 227 227 227 227 227 227 227 227 227 227 227 227 227 227 227 227 227 227 227 227 227 228 228 228 228 228 228 229 229 229 229 230 230 230 231 231 232 232 233 233 233 234 235 235 236 237 238 240 240 241 242 242 244 245 246 248 249 250 250 251 251 252 252 253 253 254 254 255 256 256 257 257 258 258 259 259 259 260 260 260 260 260 260 260 259
228 228 228 228 227 227 227 227 227 227 227 227 227 227 227 227 227 227 227 227 227 227 227 227 227 227 227 227 227 227 227 228 228 228 228 228 229 229 229 229 230 230 230 231 231 232 232 233 233 233 234 235 235 236 237 238 239 240 241 242 243 244 245 247 248 249 250 251 251 251 252 252 253 254 254 255 255 256 257 257 258 258 258 259 259 259 260 260 260 260 260 260 260 260
228 228 228 228 227 227 227 227 227 227 227 227 227 227 227 226 226 226 226 226 226 226 227 227 227 227 227 227 227 227 227 228 228 228 228 228 228 229 229 229 229 230 230 231 231 232 232 233 233 233 234 234 235 236 237 238 239 240 241 242 243 244 246 247 248 250 251 251 252 252 252 253 253 254 254 255 255 256 257 257 258 259 259 259 259 259 259 260 260 260 261 261 261 261
228 228 228 227 227 227 227 227 227 227 227 227 226 226 226 226 226 226 226 226 226 226 226 227 227 227 227 227 227 227 227 227 228 228 228 228 228 229 229 229 229 230 230 231 231 232 232 233 233 233 234 234 235 236 237 238 239 240 241 242 244 245 246 247 249 250 251 251 252 252 253 253 254 254 254 255 255 256 256 257 258 258 259 259 259 259 259 259 259 260 260 261 261 261
228 228 228 227 227 227 227 226 226 226 226 226 226 226 226 226 226 226 226 226 226 226 226 226 226 227 227 227 227 227 227 227 227 228 228 228 228 228 229 229 229 230 230 231 231 231 232 232 233 233 234 234 234 235 236 237 238 240 241 243 244 245 246 247 249 250 251 251 252 252 252 253 253 253 254 254 254 255 255 256 257 257 258 258 258 258 258 258 258 259 259 259 260 260
228 228 228 227 227 226 226 226 226 226 226 226 226 226 226 226 226 226 226 226 226 226 226 226 226 226 227 227 227 227 227 227 227 227 228 228 228 228 228 229 229 230 230 230 231 231 231 232 232 233 233 233 234 234 235 237 238 239 241 242 244 245 246 247 249 250 251 251 251 251 252 252 253 253 253 254 254 254 254 255 256 256 257 257 257 256 256 257 257 258 258 258 258 259
228 228 228 227 227 226 226 226 226 226 226 226 226 226 226 226 226 226 226 226 226 226 226 226 226 226 226 227 227 227 227 227 227 227 227 228 228 228 228 229 229 229 230 230 230 231 231 231 232 232 232 232 233 233 235 236 238 239 240 241 242 243 244 246 248 249 250 251 251 251 251 252 252 253 253 253 254 254 254 254 255 256 256 256 256 255 255 256 256 257 257 257 258 258
228 228 228 227 227 226 226 226 226 226 226 226 226 226 225 225 225 225 225 226 226 226 226 226 226 226 226 226 226 227 227 227 227 227 227 227 228 228 228 228 229 229 230 230 230 230 231 231 231 232 232 232 232 232 233 235 237 238 239 240 241 241 242 244 246 247 249 250 250 250 251 252 253 253 253 254 254 254 254 254 255 255 255 255 255 255 255 255 256 256 257 257 257 258
228 228 227 227 227 226 226 226 226 226 226 226 226 225 225 225 225 225 225 225 225 226 226 226 226 226 226 226 226 226 227 227 227 227 227 227 227 228 228 228 228 229 229 229 230 230 230 231 231 232 232 232 231 231 232 234 236 237 239 240 240 240 241 242 244 245 247 249 250 250 251 253 254 254 254 254 254 254 254 254 254 254 255 255 255 254 254 255 255 256 256 256 257 257
228 228 227 227 227 226 226 226 226 226 226 225 225 225 225 225 225 225 225 225 225 225 226 226 226 226 226 226 226 226 226 227 227 227 227 227 227 227 227 228 228 229 229 229 230 230 230 231 231 232 232 232 231 231 232 234 236 238 239 240 241 240 240 241 242 244 246 248 249 250 252 254 255 256 256 255 255 255 254 254 254 254 254 254 254 254 255 255 255 255 255 256 256 257
228 228 227 227 227 226 226 226 226 226 225 225 225 225 225 225 225 225 225 225 225 225 226 226 226 226 226 226 226 226 226 227 227 227 227 227 227 227 227 228 228 229 229 229 230 230 230 230 231 232 232 232 231 231 233 235 238 240 241 242 242 242 241 241 242 244 245 246 247 250 252 255 257 258 257 256 255 255 254 254 253 253 253 252 253 253 255 256 256 255 255 255 256 256
228 228 227 227 227 226 226 226 226 225 225 225 225 225 225 225 225 225 225 225 225 225 225 226 226 226 226 226 226 226 226 226 226 227 227 227 227 227 227 228 228 228 229 229 230 230 230 230 231 231 232 231 231 231 233 237 241 244 245 245 245 244 243 242 243 244 244 244 245 248 252 255 257 258 258 256 255 255 254 253 252 251 251 251 252 253 255 256 256 255 255 255 255 254
228 228 227 227 227 226 226 226 225 225 225 225 225 225 225 225 225 225 225 225 225 225 225 225 226 226 226 226 226 226 226 226 226 226 227 227 227 227 227 227 228 228 228 229 230 230 231 231 231 231 231 231 230 230 231 236 240 244 246 246 246 246 245 244 244 244 243 243 243 245 249 253 255 257 257 256 255 254 253 252 251 249 249 250 252 253 255 256 256 255 255 255 254 253
228 228 227 227 226 226 226 226 225 225 225 225 225 225 225 225 225 225 225 225 225 225 225 225 225 226 226 226 226 226 226 226 226 226 226 226 226 226 227 227 227 227 228 229 230 230 231 231 231 231 231 230 228 227 228 232 237 240 242 243 244 244 244 245 245 245 243 242 242 243 246 249 251 252 253 254 254 254 253 251 249 247 246 248 250 252 254 255 255 255 255 254 253 251
228 228 227 227 226 226 226 225 225 225 225 225 225 225 225 225 225 225 225 225 225 225 225 225 225 226 226 226 226 226 226 226 226 226 226 226 226 226 226 226 226 226 227 228 229 230 231 231 231 231 230 229 227 226 227 231 234 237 238 238 239 240 242 244 246 245 243 241 241 242 244 246 247 248 249 250 251 252 252 250 248 245 244 246 248 250 251 253 254 254 254 253 252 250
228 228 227 227 226 226 226 225 225 225 225 225 225 225 225 225 225 225 225 225 225 225 225 225 225 225 226 226 226 226 226 226 226 226 226 226 226 225 225 225 225 225 225 226 228 229 231 231 231 230 229 229 229 229 229 232 234 236 236 236 236 236 237 240 243 243 241 240 240 241 243 244 244 245 246 247 248 249 249 248 246 244 243 245 246 247 248 249 250 252 253 252 250 248
228 228 227 227 226 226 225 225 225 225 225 225 225 225 225 225 225 225 225 225 225 225 225 225 225 225 225 226 226 226 226 226 226 226 226 226 225 225 225 225 224 224 224 225 227 228 230 231 230 229 228 229 231 233 233 234 235 235 235 234 233 233 233 236 238 239 239 239 239 240 241 242 243 243 244 245 246 246 247 246 244 242 242 243 244 244 244 245 247 248 249 249 248 247
228 228 227 226 226 226 225 225 225 225 225 225 225 225 225 225 225 225 225 225 225 225 225 225 225 225 225 226 226 226 226 226 226 226 226 226 226 225 225 225 224 224 224 225 226 228 229 230 229 228 226 227 230 233 234 234 234 234 234 233 231 231 232 234 235 237 237 238 238 239 240 241 241 241 242 243 244 245 246 245 243 241 241 242 242 242 242 243 244 245 245 245 245 244
228 228 227 226 226 226 225 225 225 225 225 224 224 224 224 224 225 225 225 225 225 225 225 225 225 225 225 225 225 226 226 226 226 226 226 226 226 226 226 226 225 225 225 226 226 227 228 228 228 226 224 224 227 230 232 232 232 232 232 232 231 231 232 233 234 235 237 237 238 238 239 239 239 240 240 242 243 244 245 245 243 241 241 241 241 241 241 242 243 243 243 243 242 242
228 227 227 226 226 225 225 225 225 225 224 224 224 224 224 224 224 224 225 225 225 225 225 225 225 225 225 225 225 225 226 226 226 226 226 226 226 227 227 227 226 226 226 227 227 227 227 226 226 225 222 222 226 228 229 230 230 231 231 231 231 231 232 233 234 235 236 237 237 237 238 238 238 239 239 240 241 242 244 244 243 241 240 240 240 240 240 241 242 242 242 241 241 241
228 227 227 226 226 225 225 225 225 225 224 224 224 224 224 224 224 224 224 225 225 225 225 225 225 225 225 225 225 225 225 226 226 226 227 227 227 227 227 227 227 227 227 228 228 228 226 225 225 223 222 223 225 227 228 228 229 230 230 230 231 231 232 233 233 234 235 236 236 237 237 237 237 237 238 238 239 240 241 242 242 240 239 239 239 239 240 240 241 241 241 240 240 240
228 227 227 226 225 225 225 225 225 224 224 224 224 224 224 224 224 224 224 224 224 225 225 225 225 225 225 225 225 225 225 226 226 226 226 227 228 228 228 228 228 228 228 229 229 229 227 225 224 222 222 224 226 226 227 227 228 229 230 230 230 231 231 232 232 233 234 234 235 235 235 235 234 234 235 235 235 236 238 238 239 238 238 238 238 238 239 240 240 240 240 240 240 240
227 227 226 226 225 225 225 225 225 224 224 224 224 224 224 224 224 224 224 224 224 224 224 225 225 225 225 225 225 225 225 225 226 226 226 227 228 229 229 229 229 228 228 229 230 230 228 226 223 221 221 224 226 226 226 227 227 228 229 230 230 231 231 231 231 232 232 232 232 232 232 232 231 231 232 232 233 234 235 236 237 237 237 237 237 238 239 239 240 240 239 239 239 239
227 227 226 226 225 225 225 225 224 224 224 224 224 224 224 224 224 224 224 224 224 224 224 224 224 225 225 225 225 225 225 225 226 226 226 226 228 229 230 230 229 228 228 229 230 230 229 228 224 220 220 223 226 227 227 227 228 229 229 230 230 231 231 231 231 231 231 231 231 231 231 230 230 230 230 231 232 233 234 234 235 236 236 236 236 237 238 239 239 239 239 239 238 238
