NBLlidar4m_225_1_4m_ang.asc
ncols	201
nrows	201
xllcorner	355300.000000
yllcorner	683700.000000
cellsize	4.000000
NODATA_value	-9999.000000
[rows 126 to 167 of 201, columns 0 to 93 of 201]
210 209 208 207 206 206 206 206 206 207 207 208 209 210 212 214 216 218 219 220 222 224 224 224 223 223 223 223 224 226 227 228 229 230 231 231 232 232 233 234 234 235 235 236 236 236 237 238 239 240 240 241 240 240 239 239 239 239 239 239 239 238 238 238 237 237 236 236 236 236 235 235 235 235 234 234 234 234 234 234 234 234 234 234 234 233 233 233 233 233 233 233 233 233
211 211 210 208 207 207 207 208 208 208 208 209 210 211 212 213 215 217 218 219 221 223 223 223 222 221 220 221 222 224 226 227 228 229 230 230 231 232 232 233 233 234 234 235 235 236 236 237 237 238 239 239 239 239 239 238 238 238 238 238 238 238 238 237 237 237 236 236 236 236 235 235 235 235 234 234 234 234 234 234 234 234 234 234 233 233 233 233 233 233 233 233 233 233
212 212 211 210 209 208 208 209 209 209 209 209 210 211 212 213 215 217 218 219 221 223 223 222 220 219 217 218 220 223 225 227 228 228 229 230 230 231 231 232 232 233 234 234 234 235 235 236 236 237 237 238 238 238 238 238 238 238 238 237 237 237 237 237 237 237 236 236 236 235 235 235 235 234 234 234 234 234 234 234 234 234 234 233 233 233 233 233 233 233 233 233 233 232
213 213 213 212 211 210 209 209 210 210 210 210 211 212 213 214 215 217 218 219 221 223 223 222 220 217 216 215 219 223 225 227 227 228 228 229 229 230 231 231 232 232 233 233 234 234 234 235 235 236 236 236 236 237 237 237 237 237 237 237 237 237 236 236 236 236 236 236 235 235 235 235 234 234 234 234 234 234 234 234 234 234 233 233 233 233 233 233 233 233 233 232 232 232
214 214 214 213 212 211 211 211 211 211 211 211 212 212 213 214 216 217 218 219 222 223 224 222 221 219 217 216 218 223 226 227 228 228 228 229 229 229 230 230 231 231 232 232 233 233 233 233 234 234 235 235 235 235 235 235 235 235 235 236 236 236 236 236 236 235 235 235 235 235 235 234 234 234 234 234 233 233 233 233 233 233 233 233 233 233 233 233 233 233 232 232 232 232
215 215 215 215 214 213 212 212 212 212 212 212 213 213 214 215 217 218 219 221 224 226 226 225 225 226 226 224 222 225 227 228 228 228 228 229 229 229 229 230 230 231 231 231 232 232 232 233 233 233 234 234 234 234 234 234 234 234 234 234 235 235 235 235 235 235 235 234 234 234 234 234 234 234 234 233 233 233 233 233 233 233 233 233 233 233 233 233 232 232 232 232 232 232
216 216 216 216 215 215 214 213 213 213 213 214 214 214 215 216 218 219 221 224 228 230 231 231 231 230 229 228 225 226 230 230 230 229 229 229 229 229 229 229 230 230 230 231 231 231 232 232 232 232 232 233 233 233 233 233 233 233 233 234 234 234 234 234 234 234 234 234 234 234 234 234 234 233 233 233 233 233 233 233 233 233 233 233 233 233 233 232 232 233 233 233 233 232
217 217 217 217 216 216 215 215 214 214 214 215 215 216 216 218 219 221 224 227 231 234 235 233 232 230 229 227 226 226 230 231 231 230 230 230 229 229 229 229 229 229 230 230 230 231 231 231 231 232 232 232 232 232 232 232 232 232 233 233 233 233 233 233 233 233 233 233 233 233 233 233 233 233 233 233 233 233 233 233 233 233 233 233 233 232 232 232 233 233 233 233 233 232
218 218 218 218 218 217 217 216 215 215 215 216 216 217 218 219 221 222 225 229 233 234 234 232 231 230 229 228 228 227 229 232 232 231 231 230 230 229 229 229 229 229 229 229 230 230 230 230 231 231 231 231 231 231 231 232 232 232 232 232 233 233 233 233 233 233 233 233 233 233 233 233 233 233 233 233 232 232 232 232 233 233 233 233 232 232 233 233 233 233 233 233 232 232
218 218 218 218 218 218 218 217 217 216 216 216 217 218 219 220 222 223 226 230 232 233 232 231 230 230 229 229 229 229 230 233 234 233 232 231 230 229 229 229 228 228 228 229 229 229 230 230 230 230 230 230 230 230 231 231 231 231 232 232 232 232 233 233 233 233 233 233 233 233 233 233 233 233 233 232 232 232 232 232 232 233 233 233 232 233 233 233 233 233 233 233 232 231
219 219 219 219 219 219 219 218 218 217 217 217 218 219 220 221 222 224 226 229 231 232 231 230 230 230 230 230 230 231 232 234 236 235 233 232 230 229 228 228 227 227 227 228 228 229 229 229 229 229 229 229 229 229 230 230 230 230 231 231 232 232 232 232 233 233 233 233 233 233 233 233 233 233 232 232 232 232 232 232 232 233 233 233 233 233 233 233 233 233 233 233 232 232
220 220 220 220 220 220 220 219 219 218 218 218 219 220 221 222 223 225 227 229 230 230 230 230 230 230 230 230 231 232 233 236 238 238 235 233 231 230 228 228 227 227 227 227 228 228 229 229 228 228 228 228 228 228 228 229 229 230 230 231 231 231 232 232 232 232 232 232 232 232 232 232 232 232 232 232 232 232 232 232 233 233 233 233 233 234 234 234 233 233 233 233 233 232
221 221 220 220 221 221 221 220 220 219 219 219 220 220 221 222 224 225 227 228 229 230 230 230 230 230 230 231 231 232 234 237 240 243 242 238 234 232 230 229 229 228 228 228 228 229 229 229 228 227 227 227 228 228 228 228 228 229 229 230 230 231 231 231 232 232 232 232 232 232 232 232 232 232 232 232 232 232 232 233 233 234 234 234 234 234 234 234 234 234 234 234 233 233
221 221 221 221 221 221 222 221 221 220 220 220 220 221 222 223 224 225 226 228 229 229 230 230 230 230 230 231 232 233 235 237 241 246 249 248 243 240 238 237 235 234 233 232 232 231 231 231 229 228 228 229 229 229 228 228 229 229 229 229 229 230 230 230 231 232 232 232 232 232 232 231 231 231 231 231 231 231 232 233 234 235 235 235 234 234 234 234 234 234 234 234 234 233
222 222 222 222 222 222 222 222 222 221 221 221 221 222 222 223 224 225 226 227 228 229 229 230 231 231 231 231 232 233 235 237 241 245 249 252 252 249 247 246 244 243 242 240 239 238 236 235 233 234 235 236 236 235 234 233 231 231 230 229 229 229 229 230 230 231 232 232 232 231 231 231 230 230 230 230 230 231 232 234 235 235 235 235 235 234 235 235 235 235 234 234 234 234
222 222 222 222 222 223 223 223 223 222 222 222 222 222 223 223 224 225 226 227 227 228 229 230 231 231 231 231 232 233 235 237 239 242 245 248 249 249 248 248 247 247 246 247 247 246 244 242 240 240 242 244 244 243 243 243 241 237 234 232 231 230 230 230 230 231 231 232 232 231 231 230 230 229 229 230 230 231 233 234 235 235 235 235 235 235 235 235 235 235 234 234 234 234
223 223 223 222 223 223 223 223 223 223 223 223 223 223 223 224 224 225 226 227 227 228 228 229 230 231 231 231 232 233 235 236 238 240 241 243 245 245 245 245 245 245 246 247 249 250 249 246 244 242 243 245 246 245 245 246 248 248 245 241 238 235 233 232 231 232 232 232 232 231 230 230 230 230 230 231 232 233 234 234 235 235 235 235 235 235 235 235 235 235 234 234 234 234
223 223 223 223 223 223 224 224 224 224 223 223 224 224 224 224 225 225 226 227 227 228 228 229 229 230 230 231 232 233 234 235 237 238 239 240 241 242 242 242 243 243 244 245 246 247 247 245 243 242 242 243 243 243 244 245 247 249 249 248 246 244 242 240 236 234 234 233 233 232 231 231 232 233 234 235 235 236 236 235 235 235 235 235 235 235 235 235 235 235 235 234 234 234
224 224 224 223 223 224 224 224 225 224 224 224 224 224 225 225 225 226 226 227 227 228 228 229 229 230 230 230 231 232 233 234 235 236 237 238 239 239 240 240 241 241 242 243 244 244 243 243 242 241 241 241 241 242 242 243 244 245 246 247 247 247 247 246 246 243 239 237 236 235 234 235 236 237 238 238 238 238 237 237 236 236 235 235 235 235 235 235 235 235 235 235 235 235
224 224 224 224 224 224 224 225 225 225 225 224 225 225 225 225 226 226 227 227 227 228 228 229 229 230 230 230 230 231 232 233 234 235 236 236 237 238 238 239 239 239 240 241 241 241 241 241 240 240 240 240 240 240 241 241 242 243 243 244 244 245 246 247 249 250 248 244 241 239 238 238 238 239 239 240 240 239 238 237 237 236 236 236 235 235 235 235 235 235 235 235 235 235
225 225 224 224 224 224 225 225 226 226 225 225 225 225 226 226 226 226 227 227 228 228 229 229 230 231 231 230 230 231 232 233 233 234 235 235 236 237 237 237 238 238 239 239 239 239 239 239 239 239 239 239 239 239 240 240 241 241 242 242 242 243 244 245 247 250 250 248 245 242 239 238 238 238 239 240 240 240 239 238 237 236 236 236 236 235 235 235 235 235 235 235 235 235
225 225 225 225 225 225 225 226 226 226 226 226 225 226 226 226 226 227 227 228 228 229 229 230 231 231 232 232 232 232 232 233 233 233 234 234 235 236 236 236 237 237 238 238 238 238 238 238 238 238 238 238 238 238 239 239 239 240 240 241 241 242 242 243 245 247 248 247 245 241 239 238 238 238 239 240 240 240 239 238 237 237 236 236 236 236 236 235 235 235 235 235 235 235
225 225 225 225 225 225 225 226 226 227 227 226 226 226 226 227 227 227 227 228 229 229 230 231 231 232 232 232 233 233 234 234 233 233 233 234 234 235 235 235 236 236 237 237 237 237 238 238 238 238 238 238 238 238 238 238 238 239 239 239 240 240 241 242 244 245 246 245 243 240 239 238 238 238 239 240 240 239 238 238 237 237 237 236 236 236 236 236 236 236 236 236 235 235
226 226 226 226 225 225 226 226 226 227 227 227 226 226 227 227 227 227 228 228 229 229 230 231 232 232 233 233 234 235 235 235 234 234 234 234 234 234 234 234 235 235 236 236 236 236 237 237 237 237 237 237 237 237 237 237 238 238 238 238 239 239 240 241 242 243 244 243 241 239 238 238 238 238 239 239 239 239 238 238 237 237 237 237 237 237 236 236 236 236 236 236 236 235
226 226 226 226 226 226 226 226 227 227 227 227 227 227 227 227 228 228 228 228 229 229 230 231 232 233 233 234 234 235 236 236 235 235 235 235 235 234 234 234 234 235 235 235 235 235 236 236 236 237 237 237 237 237 237 237 237 237 237 237 238 238 239 240 241 242 242 241 239 238 238 237 238 238 239 239 239 238 238 238 238 237 237 237 237 237 237 237 237 236 236 236 236 235
227 226 226 226 226 226 226 226 227 227 227 227 227 227 227 227 228 228 228 229 229 230 230 231 232 233 234 235 235 236 236 236 236 236 237 237 236 236 236 235 235 235 235 235 235 235 235 235 236 236 236 236 236 236 236 236 236 236 236 237 237 238 238 239 240 240 240 239 238 238 237 237 238 238 239 239 239 238 238 238 238 238 237 237 237 237 237 237 237 237 236 236 236 235
227 227 226 226 226 226 226 226 227 227 227 227 227 227 227 228 228 228 228 229 229 230 231 231 232 233 234 235 236 237 237 237 237 237 238 238 238 237 237 237 237 237 237 236 236 236 236 236 236 236 236 236 236 236 236 236 236 236 236 236 237 237 238 238 239 239 239 239 238 238 238 238 238 238 239 239 239 238 238 238 238 238 237 237 237 237 237 237 237 236 236 236 236 235
227 227 227 226 226 226 226 226 227 227 227 228 227 227 227 227 228 228 228 229 229 230 231 232 232 233 234 235 236 237 238 238 238 238 239 239 239 238 238 238 238 238 238 238 238 238 238 238 237 237 237 237 237 237 237 237 237 237 237 237 238 238 239 239 239 239 239 239 239 239 239 239 239 239 239 239 239 238 238 238 238 238 237 237 237 237 237 236 236 236 236 236 235 235
227 227 227 227 226 226 226 226 227 227 227 228 227 227 227 227 228 228 228 228 229 230 230 231 232 233 234 235 236 237 237 238 239 239 239 239 239 239 239 239 239 239 239 239 239 239 239 239 239 239 239 238 238 238 238 238 238 239 239 239 239 240 240 240 240 240 240 240 240 240 240 240 239 239 239 239 239 238 238 238 238 238 237 237 237 237 236 236 236 236 236 235 235 235
227 227 227 227 226 226 226 226 227 227 227 227 227 227 227 227 227 227 228 228 228 229 230 231 231 232 233 234 235 236 237 237 238 239 239 240 240 240 240 240 240 240 240 240 240 240 240 240 240 240 240 240 240 240 239 239 239 240 240 240 240 241 241 241 241 241 240 240 240 240 240 240 240 239 239 239 239 238 238 238 238 237 237 237 237 236 236 236 236 235 235 235 235 234
227 227 227 227 226 226 226 226 226 227 227 227 227 227 227 227 227 227 227 228 228 229 229 230 230 231 232 233 234 235 235 236 237 238 238 239 239 240 240 240 240 241 241 241 241 241 241 241 241 241 241 241 241 240 240 240 240 240 240 240 241 241 241 241 241 241 241 240 240 240 240 240 240 239 239 239 239 238 238 238 237 237 237 236 236 236 236 235 235 235 235 234 234 234
227 227 227 227 226 226 226 226 226 227 227 227 227 227 227 227 227 227 227 227 228 228 229 229 230 230 231 232 233 233 234 235 236 236 237 238 238 239 239 240 240 240 241 241 241 241 241 241 241 242 242 242 241 241 241 241 241 241 241 241 241 241 241 241 241 241 241 240 240 240 240 240 239 239 239 239 238 238 237 237 237 236 236 236 235 235 235 235 234 234 234 234 233 233
227 227 227 227 226 226 226 226 226 226 227 227 227 227 227 227 227 227 227 227 227 228 228 229 229 230 230 231 232 232 233 233 234 235 236 237 237 238 238 239 239 240 240 240 241 241 241 241 241 241 241 241 241 241 241 241 241 241 241 241 241 241 241 240 240 240 240 240 240 239 239 239 239 239 238 238 238 237 237 236 236 235 235 235 235 234 234 234 234 233 233 233 232 232
227 227 227 227 226 226 226 226 226 226 226 227 227 227 227 227 227 227 227 227 227 227 228 228 228 229 229 230 231 231 232 232 233 234 234 235 236 236 237 237 238 238 239 239 240 240 240 240 240 240 241 241 241 241 240 240 240 240 240 240 240 240 240 240 240 240 239 239 239 239 239 238 238 238 237 237 237 236 236 235 235 235 234 234 234 234 233 233 233 232 232 232 232 231
227 227 227 227 227 226 226 226 226 226 226 226 227 227 227 226 226 226 226 226 227 227 227 228 228 228 229 229 230 230 231 231 232 232 233 233 234 234 235 235 236 237 237 238 238 239 239 239 239 239 239 240 240 240 240 240 240 239 239 239 239 239 239 239 239 239 239 238 238 238 238 237 237 237 236 236 235 235 235 234 234 234 233 233 233 233 233 232 232 232 232 231 231 231
227 227 227 227 226 226 226 226 226 226 226 226 226 227 226 226 226 226 226 226 226 227 227 227 227 228 228 228 229 229 229 230 230 231 231 232 232 233 233 234 234 235 235 236 236 237 237 237 238 238 238 238 238 238 238 238 238 238 238 238 238 238 238 238 238 238 237 237 237 237 236 236 236 235 235 235 234 234 233 233 233 233 233 232 232 232 232 232 231 231 231 231 230 230
227 227 227 227 226 226 226 226 226 226 226 226 226 226 226 226 226 226 226 226 226 226 227 227 227 227 227 228 228 228 229 229 229 230 230 230 231 231 231 232 232 233 233 234 234 235 235 235 236 236 236 236 237 237 237 237 237 237 237 237 237 237 237 236 236 236 236 236 235 235 235 235 234 234 234 233 233 233 232 232 232 232 232 232 232 231 231 231 231 231 231 230 230 230
227 227 227 227 226 226 226 226 226 226 226 226 226 226 226 226 226 226 226 226 226 226 226 226 227 227 227 227 227 228 228 228 228 229 229 229 230 230 230 230 231 231 232 232 233 233 233 233 234 234 234 234 235 235 235 235 235 235 235 235 235 235 235 235 235 235 234 234 234 234 233 233 233 233 232 232 232 232 231 231 231 231 231 231 231 231 231 231 230 230 230 230 229 229
227 227 227 226 226 226 226 226 226 226 226 226 226 226 226 226 226 226 226 226 226 226 226 226 226 226 227 227 227 227 227 228 228 228 228 228 229 229 229 229 230 230 230 231 231 231 231 232 232 232 232 233 233 233 233 233 233 233 233 233 233 233 233 233 233 233 233 233 232 232 232 232 232 232 231 231 231 231 231 231 231 231 231 231 230 230 230 230 230 229 229 229 228 228
227 227 227 226 226 226 226 226 226 226 225 225 226 226 226 226 226 225 225 225 225 225 226 226 226 226 226 226 227 227 227 227 227 227 228 228 228 228 228 229 229 229 229 229 230 230 230 230 230 230 231 231 231 231 231 231 231 231 231 232 232 232 232 232 232 232 231 231 231 231 231 231 231 231 231 231 230 230 230 230 230 230 230 230 230 229 229 229 229 228 228 228 227 227
227 227 227 226 226 226 226 226 225 225 225 225 225 226 226 226 225 225 225 225 225 225 225 225 226 226 226 226 226 226 227 227 227 227 227 227 228 228 228 228 228 228 229 229 229 229 229 229 229 229 229 230 230 230 230 230 230 230 230 230 230 230 230 230 230 230 230 230 230 230 230 230 230 230 230 230 230 230 230 229 229 229 229 229 229 228 228 228 228 227 227 227 227 227
227 227 226 226 226 226 226 226 225 225 225 225 225 225 225 225 225 225 225 225 225 225 225 225 225 225 226 226 226 226 226 226 227 227 227 227 227 227 228 228 228 228 228 228 228 228 228 228 228 228 229 229 229 229 229 229 229 229 229 229 229 229 229 229 229 229 229 229 229 229 229 229 229 229 229 229 229 229 229 228 228 228 228 228 228 227 227 227 227 227 227 227 227 227
